# q                 I(q)             
  1.00000e-04       9.99983e-01      
  4.34114e-04       9.99689e-01      
  7.68227e-04       9.99026e-01      
  1.10234e-03       9.97997e-01      
  1.43645e-03       9.96600e-01      
  1.77057e-03       9.94840e-01      
  2.10468e-03       9.92716e-01      
  2.43880e-03       9.90232e-01      
  2.77291e-03       9.87391e-01      
  3.10702e-03       9.84194e-01      
  3.44114e-03       9.80647e-01      
  3.77525e-03       9.76753e-01      
  4.10936e-03       9.72516e-01      
  4.44348e-03       9.67940e-01      
  4.77759e-03       9.63031e-01      
  5.11171e-03       9.57794e-01      
  5.44582e-03       9.52235e-01      
  5.77993e-03       9.46360e-01      
  6.11405e-03       9.40174e-01      
  6.44816e-03       9.33686e-01      
  6.78227e-03       9.26900e-01      
  7.11639e-03       9.19826e-01      
  7.45050e-03       9.12470e-01      
  7.78462e-03       9.04840e-01      
  8.11873e-03       8.96944e-01      
  8.45284e-03       8.88790e-01      
  8.78696e-03       8.80387e-01      
  9.12107e-03       8.71744e-01      
  9.45518e-03       8.62869e-01      
  9.78930e-03       8.53771e-01      
  1.01234e-02       8.44460e-01      
  1.04575e-02       8.34946e-01      
  1.07916e-02       8.25237e-01      
  1.11258e-02       8.15343e-01      
  1.14599e-02       8.05275e-01      
  1.17940e-02       7.95041e-01      
  1.21281e-02       7.84653e-01      
  1.24622e-02       7.74120e-01      
  1.27963e-02       7.63452e-01      
  1.31304e-02       7.52659e-01      
  1.34645e-02       7.41752e-01      
  1.37987e-02       7.30740e-01      
  1.41328e-02       7.19634e-01      
  1.44669e-02       7.08445e-01      
  1.48010e-02       6.97181e-01      
  1.51351e-02       6.85853e-01      
  1.54692e-02       6.74472e-01      
  1.58033e-02       6.63046e-01      
  1.61375e-02       6.51586e-01      
  1.64716e-02       6.40102e-01      
  1.68057e-02       6.28603e-01      
  1.71398e-02       6.17099e-01      
  1.74739e-02       6.05599e-01      
  1.78080e-02       5.94111e-01      
  1.81421e-02       5.82646e-01      
  1.84763e-02       5.71212e-01      
  1.88104e-02       5.59818e-01      
  1.91445e-02       5.48472e-01      
  1.94786e-02       5.37182e-01      
  1.98127e-02       5.25957e-01      
  2.01468e-02       5.14804e-01      
  2.04809e-02       5.03730e-01      
  2.08151e-02       4.92744e-01      
  2.11492e-02       4.81852e-01      
  2.14833e-02       4.71062e-01      
  2.18174e-02       4.60379e-01      
  2.21515e-02       4.49810e-01      
  2.24856e-02       4.39361e-01      
  2.28197e-02       4.29038e-01      
  2.31538e-02       4.18846e-01      
  2.34880e-02       4.08791e-01      
  2.38221e-02       3.98877e-01      
  2.41562e-02       3.89109e-01      
  2.44903e-02       3.79492e-01      
  2.48244e-02       3.70030e-01      
  2.51585e-02       3.60725e-01      
  2.54926e-02       3.51583e-01      
  2.58268e-02       3.42606e-01      
  2.61609e-02       3.33796e-01      
  2.64950e-02       3.25157e-01      
  2.68291e-02       3.16691e-01      
  2.71632e-02       3.08400e-01      
  2.74973e-02       3.00286e-01      
  2.78314e-02       2.92350e-01      
  2.81656e-02       2.84594e-01      
  2.84997e-02       2.77018e-01      
  2.88338e-02       2.69623e-01      
  2.91679e-02       2.62409e-01      
  2.95020e-02       2.55377e-01      
  2.98361e-02       2.48527e-01      
  3.01702e-02       2.41859e-01      
  3.05043e-02       2.35371e-01      
  3.08385e-02       2.29063e-01      
  3.11726e-02       2.22934e-01      
  3.15067e-02       2.16983e-01      
  3.18408e-02       2.11209e-01      
  3.21749e-02       2.05609e-01      
  3.25090e-02       2.00182e-01      
  3.28431e-02       1.94927e-01      
  3.31773e-02       1.89840e-01      
  3.35114e-02       1.84920e-01      
  3.38455e-02       1.80164e-01      
  3.41796e-02       1.75570e-01      
  3.45137e-02       1.71134e-01      
  3.48478e-02       1.66854e-01      
  3.51819e-02       1.62727e-01      
  3.55161e-02       1.58749e-01      
  3.58502e-02       1.54918e-01      
  3.61843e-02       1.51230e-01      
  3.65184e-02       1.47682e-01      
  3.68525e-02       1.44270e-01      
  3.71866e-02       1.40990e-01      
  3.75207e-02       1.37840e-01      
  3.78548e-02       1.34815e-01      
  3.81890e-02       1.31911e-01      
  3.85231e-02       1.29125e-01      
  3.88572e-02       1.26454e-01      
  3.91913e-02       1.23893e-01      
  3.95254e-02       1.21438e-01      
  3.98595e-02       1.19087e-01      
  4.01936e-02       1.16834e-01      
  4.05278e-02       1.14676e-01      
  4.08619e-02       1.12610e-01      
  4.11960e-02       1.10631e-01      
  4.15301e-02       1.08736e-01      
  4.18642e-02       1.06922e-01      
  4.21983e-02       1.05184e-01      
  4.25324e-02       1.03519e-01      
  4.28666e-02       1.01924e-01      
  4.32007e-02       1.00395e-01      
  4.35348e-02       9.89287e-02      
  4.38689e-02       9.75217e-02      
  4.42030e-02       9.61709e-02      
  4.45371e-02       9.48730e-02      
  4.48712e-02       9.36251e-02      
  4.52054e-02       9.24240e-02      
  4.55395e-02       9.12668e-02      
  4.58736e-02       9.01508e-02      
  4.62077e-02       8.90732e-02      
  4.65418e-02       8.80314e-02      
  4.68759e-02       8.70228e-02      
  4.72100e-02       8.60449e-02      
  4.75441e-02       8.50955e-02      
  4.78783e-02       8.41723e-02      
  4.82124e-02       8.32731e-02      
  4.85465e-02       8.23960e-02      
  4.88806e-02       8.15389e-02      
  4.92147e-02       8.07000e-02      
  4.95488e-02       7.98777e-02      
  4.98829e-02       7.90702e-02      
  5.02171e-02       7.82761e-02      
  5.05512e-02       7.74938e-02      
  5.08853e-02       7.67221e-02      
  5.12194e-02       7.59597e-02      
  5.15535e-02       7.52055e-02      
  5.18876e-02       7.44584e-02      
  5.22217e-02       7.37175e-02      
  5.25559e-02       7.29818e-02      
  5.28900e-02       7.22506e-02      
  5.32241e-02       7.15232e-02      
  5.35582e-02       7.07990e-02      
  5.38923e-02       7.00773e-02      
  5.42264e-02       6.93578e-02      
  5.45605e-02       6.86400e-02      
  5.48946e-02       6.79236e-02      
  5.52288e-02       6.72084e-02      
  5.55629e-02       6.64941e-02      
  5.58970e-02       6.57806e-02      
  5.62311e-02       6.50677e-02      
  5.65652e-02       6.43556e-02      
  5.68993e-02       6.36442e-02      
  5.72334e-02       6.29335e-02      
  5.75676e-02       6.22238e-02      
  5.79017e-02       6.15150e-02      
  5.82358e-02       6.08075e-02      
  5.85699e-02       6.01014e-02      
  5.89040e-02       5.93970e-02      
  5.92381e-02       5.86945e-02      
  5.95722e-02       5.79944e-02      
  5.99064e-02       5.72968e-02      
  6.02405e-02       5.66021e-02      
  6.05746e-02       5.59108e-02      
  6.09087e-02       5.52231e-02      
  6.12428e-02       5.45395e-02      
  6.15769e-02       5.38602e-02      
  6.19110e-02       5.31858e-02      
  6.22452e-02       5.25167e-02      
  6.25793e-02       5.18531e-02      
  6.29134e-02       5.11955e-02      
  6.32475e-02       5.05443e-02      
  6.35816e-02       4.98999e-02      
  6.39157e-02       4.92626e-02      
  6.42498e-02       4.86327e-02      
  6.45839e-02       4.80107e-02      
  6.49181e-02       4.73969e-02      
  6.52522e-02       4.67916e-02      
  6.55863e-02       4.61950e-02      
  6.59204e-02       4.56075e-02      
  6.62545e-02       4.50293e-02      
  6.65886e-02       4.44608e-02      
  6.69227e-02       4.39020e-02      
  6.72569e-02       4.33532e-02      
  6.75910e-02       4.28146e-02      
  6.79251e-02       4.22863e-02      
  6.82592e-02       4.17686e-02      
  6.85933e-02       4.12614e-02      
  6.89274e-02       4.07649e-02      
  6.92615e-02       4.02791e-02      
  6.95957e-02       3.98042e-02      
  6.99298e-02       3.93401e-02      
  7.02639e-02       3.88867e-02      
  7.05980e-02       3.84442e-02      
  7.09321e-02       3.80124e-02      
  7.12662e-02       3.75914e-02      
  7.16003e-02       3.71809e-02      
  7.19344e-02       3.67809e-02      
  7.22686e-02       3.63912e-02      
  7.26027e-02       3.60118e-02      
  7.29368e-02       3.56425e-02      
  7.32709e-02       3.52830e-02      
  7.36050e-02       3.49332e-02      
  7.39391e-02       3.45928e-02      
  7.42732e-02       3.42618e-02      
  7.46074e-02       3.39397e-02      
  7.49415e-02       3.36264e-02      
  7.52756e-02       3.33216e-02      
  7.56097e-02       3.30250e-02      
  7.59438e-02       3.27364e-02      
  7.62779e-02       3.24554e-02      
  7.66120e-02       3.21819e-02      
  7.69462e-02       3.19154e-02      
  7.72803e-02       3.16556e-02      
  7.76144e-02       3.14024e-02      
  7.79485e-02       3.11553e-02      
  7.82826e-02       3.09141e-02      
  7.86167e-02       3.06784e-02      
  7.89508e-02       3.04479e-02      
  7.92849e-02       3.02224e-02      
  7.96191e-02       3.00015e-02      
  7.99532e-02       2.97850e-02      
  8.02873e-02       2.95724e-02      
  8.06214e-02       2.93637e-02      
  8.09555e-02       2.91583e-02      
  8.12896e-02       2.89562e-02      
  8.16237e-02       2.87570e-02      
  8.19579e-02       2.85604e-02      
  8.22920e-02       2.83663e-02      
  8.26261e-02       2.81743e-02      
  8.29602e-02       2.79843e-02      
  8.32943e-02       2.77959e-02      
  8.36284e-02       2.76091e-02      
  8.39625e-02       2.74235e-02      
  8.42967e-02       2.72391e-02      
  8.46308e-02       2.70556e-02      
  8.49649e-02       2.68729e-02      
  8.52990e-02       2.66908e-02      
  8.56331e-02       2.65091e-02      
  8.59672e-02       2.63278e-02      
  8.63013e-02       2.61468e-02      
  8.66355e-02       2.59658e-02      
  8.69696e-02       2.57849e-02      
  8.73037e-02       2.56040e-02      
  8.76378e-02       2.54230e-02      
  8.79719e-02       2.52417e-02      
  8.83060e-02       2.50603e-02      
  8.86401e-02       2.48786e-02      
  8.89742e-02       2.46966e-02      
  8.93084e-02       2.45144e-02      
  8.96425e-02       2.43319e-02      
  8.99766e-02       2.41490e-02      
  9.03107e-02       2.39659e-02      
  9.06448e-02       2.37826e-02      
  9.09789e-02       2.35991e-02      
  9.13130e-02       2.34153e-02      
  9.16472e-02       2.32315e-02      
  9.19813e-02       2.30476e-02      
  9.23154e-02       2.28637e-02      
  9.26495e-02       2.26798e-02      
  9.29836e-02       2.24961e-02      
  9.33177e-02       2.23125e-02      
  9.36518e-02       2.21293e-02      
  9.39860e-02       2.19464e-02      
  9.43201e-02       2.17640e-02      
  9.46542e-02       2.15821e-02      
  9.49883e-02       2.14009e-02      
  9.53224e-02       2.12203e-02      
  9.56565e-02       2.10406e-02      
  9.59906e-02       2.08618e-02      
  9.63247e-02       2.06841e-02      
  9.66589e-02       2.05074e-02      
  9.69930e-02       2.03319e-02      
  9.73271e-02       2.01577e-02      
  9.76612e-02       1.99848e-02      
  9.79953e-02       1.98134e-02      
  9.83294e-02       1.96436e-02      
  9.86635e-02       1.94753e-02      
  9.89977e-02       1.93088e-02      
  9.93318e-02       1.91440e-02      
  9.96659e-02       1.89811e-02      
  1.00000e-01       1.88201e-02      
