# q                 I(q)             
  1.00000e-04       9.99920e-01      
  4.34114e-04       9.98502e-01      
  7.68227e-04       9.95316e-01      
  1.10234e-03       9.90375e-01      
  1.43645e-03       9.83704e-01      
  1.77057e-03       9.75331e-01      
  2.10468e-03       9.65296e-01      
  2.43880e-03       9.53642e-01      
  2.77291e-03       9.40423e-01      
  3.10702e-03       9.25698e-01      
  3.44114e-03       9.09531e-01      
  3.77525e-03       8.91995e-01      
  4.10936e-03       8.73166e-01      
  4.44348e-03       8.53125e-01      
  4.77759e-03       8.31959e-01      
  5.11171e-03       8.09759e-01      
  5.44582e-03       7.86617e-01      
  5.77993e-03       7.62630e-01      
  6.11405e-03       7.37896e-01      
  6.44816e-03       7.12516e-01      
  6.78227e-03       6.86590e-01      
  7.11639e-03       6.60221e-01      
  7.45050e-03       6.33508e-01      
  7.78462e-03       6.06554e-01      
  8.11873e-03       5.79456e-01      
  8.45284e-03       5.52313e-01      
  8.78696e-03       5.25220e-01      
  9.12107e-03       4.98268e-01      
  9.45518e-03       4.71546e-01      
  9.78930e-03       4.45140e-01      
  1.01234e-02       4.19129e-01      
  1.04575e-02       3.93590e-01      
  1.07916e-02       3.68595e-01      
  1.11258e-02       3.44210e-01      
  1.14599e-02       3.20495e-01      
  1.17940e-02       2.97505e-01      
  1.21281e-02       2.75291e-01      
  1.24622e-02       2.53895e-01      
  1.27963e-02       2.33356e-01      
  1.31304e-02       2.13705e-01      
  1.34645e-02       1.94968e-01      
  1.37987e-02       1.77166e-01      
  1.41328e-02       1.60311e-01      
  1.44669e-02       1.44414e-01      
  1.48010e-02       1.29477e-01      
  1.51351e-02       1.15498e-01      
  1.54692e-02       1.02471e-01      
  1.58033e-02       9.03829e-02      
  1.61375e-02       7.92183e-02      
  1.64716e-02       6.89566e-02      
  1.68057e-02       5.95738e-02      
  1.71398e-02       5.10422e-02      
  1.74739e-02       4.33311e-02      
  1.78080e-02       3.64071e-02      
  1.81421e-02       3.02342e-02      
  1.84763e-02       2.47746e-02      
  1.88104e-02       1.99888e-02      
  1.91445e-02       1.58359e-02      
  1.94786e-02       1.22742e-02      
  1.98127e-02       9.26147e-03      
  2.01468e-02       6.75505e-03      
  2.04809e-02       4.71249e-03      
  2.08151e-02       3.09170e-03      
  2.11492e-02       1.85125e-03      
  2.14833e-02       9.50635e-04      
  2.18174e-02       3.50543e-04      
  2.21515e-02       1.30464e-05      
  2.24856e-02       -9.81820e-05     
  2.28197e-02       -1.77026e-05     
  2.31538e-02       2.21841e-04      
  2.34880e-02       5.89845e-04      
  2.38221e-02       1.05785e-03      
  2.41562e-02       1.59959e-03      
  2.44903e-02       2.19109e-03      
  2.48244e-02       2.81065e-03      
  2.51585e-02       3.43888e-03      
  2.54926e-02       4.05864e-03      
  2.58268e-02       4.65507e-03      
  2.61609e-02       5.21549e-03      
  2.64950e-02       5.72932e-03      
  2.68291e-02       6.18804e-03      
  2.71632e-02       6.58505e-03      
  2.74973e-02       6.91557e-03      
  2.78314e-02       7.17652e-03      
  2.81656e-02       7.36640e-03      
  2.84997e-02       7.48514e-03      
  2.88338e-02       7.53393e-03      
  2.91679e-02       7.51516e-03      
  2.95020e-02       7.43218e-03      
  2.98361e-02       7.28921e-03      
  3.01702e-02       7.09118e-03      
  3.05043e-02       6.84359e-03      
  3.08385e-02       6.55239e-03      
  3.11726e-02       6.22382e-03      
  3.15067e-02       5.86431e-03      
  3.18408e-02       5.48035e-03      
  3.21749e-02       5.07839e-03      
  3.25090e-02       4.66477e-03      
  3.28431e-02       4.24557e-03      
  3.31773e-02       3.82659e-03      
  3.35114e-02       3.41324e-03      
  3.38455e-02       3.01052e-03      
  3.41796e-02       2.62295e-03      
  3.45137e-02       2.25454e-03      
  3.48478e-02       1.90875e-03      
  3.51819e-02       1.58852e-03      
  3.55161e-02       1.29619e-03      
  3.58502e-02       1.03356e-03      
  3.61843e-02       8.01894e-04      
  3.65184e-02       6.01894e-04      
  3.68525e-02       4.33769e-04      
  3.71866e-02       2.97247e-04      
  3.75207e-02       1.91607e-04      
  3.78548e-02       1.15724e-04      
  3.81890e-02       6.81086e-05      
  3.85231e-02       4.69503e-05      
  3.88572e-02       5.01685e-05      
  3.91913e-02       7.54575e-05      
  3.95254e-02       1.20336e-04      
  3.98595e-02       1.82195e-04      
  4.01936e-02       2.58345e-04      
  4.05278e-02       3.46060e-04      
  4.08619e-02       4.42621e-04      
  4.11960e-02       5.45359e-04      
  4.15301e-02       6.51687e-04      
  4.18642e-02       7.59142e-04      
  4.21983e-02       8.65404e-04      
  4.25324e-02       9.68332e-04      
  4.28666e-02       1.06598e-03      
  4.32007e-02       1.15662e-03      
  4.35348e-02       1.23875e-03      
  4.38689e-02       1.31111e-03      
  4.42030e-02       1.37267e-03      
  4.45371e-02       1.42265e-03      
  4.48712e-02       1.46053e-03      
  4.52054e-02       1.48599e-03      
  4.55395e-02       1.49897e-03      
  4.58736e-02       1.49961e-03      
  4.62077e-02       1.48825e-03      
  4.65418e-02       1.46540e-03      
  4.68759e-02       1.43175e-03      
  4.72100e-02       1.38815e-03      
  4.75441e-02       1.33552e-03      
  4.78783e-02       1.27494e-03      
  4.82124e-02       1.20753e-03      
  4.85465e-02       1.13447e-03      
  4.88806e-02       1.05698e-03      
  4.92147e-02       9.76309e-04      
  4.95488e-02       8.93666e-04      
  4.98829e-02       8.10251e-04      
  5.02171e-02       7.27217e-04      
  5.05512e-02       6.45656e-04      
  5.08853e-02       5.66582e-04      
  5.12194e-02       4.90925e-04      
  5.15535e-02       4.19516e-04      
  5.18876e-02       3.53077e-04      
  5.22217e-02       2.92222e-04      
  5.25559e-02       2.37445e-04      
  5.28900e-02       1.89124e-04      
  5.32241e-02       1.47517e-04      
  5.35582e-02       1.12766e-04      
  5.38923e-02       8.48990e-05      
  5.42264e-02       6.38360e-05      
  5.45605e-02       4.93960e-05      
  5.48946e-02       4.13041e-05      
  5.52288e-02       3.92010e-05      
  5.55629e-02       4.26525e-05      
  5.58970e-02       5.11606e-05      
  5.62311e-02       6.41741e-05      
  5.65652e-02       8.11001e-05      
  5.68993e-02       1.01316e-04      
  5.72334e-02       1.24180e-04      
  5.75676e-02       1.49043e-04      
  5.79017e-02       1.75261e-04      
  5.82358e-02       2.02200e-04      
  5.85699e-02       2.29251e-04      
  5.89040e-02       2.55838e-04      
  5.92381e-02       2.81421e-04      
  5.95722e-02       3.05511e-04      
  5.99064e-02       3.27666e-04      
  6.02405e-02       3.47504e-04      
  6.05746e-02       3.64701e-04      
  6.09087e-02       3.78996e-04      
  6.12428e-02       3.90191e-04      
  6.15769e-02       3.98154e-04      
  6.19110e-02       4.02812e-04      
  6.22452e-02       4.04156e-04      
  6.25793e-02       4.02233e-04      
  6.29134e-02       3.97147e-04      
  6.32475e-02       3.89049e-04      
  6.35816e-02       3.78137e-04      
  6.39157e-02       3.64650e-04      
  6.42498e-02       3.48859e-04      
  6.45839e-02       3.31062e-04      
  6.49181e-02       3.11581e-04      
  6.52522e-02       2.90751e-04      
  6.55863e-02       2.68918e-04      
  6.59204e-02       2.46427e-04      
  6.62545e-02       2.23623e-04      
  6.65886e-02       2.00839e-04      
  6.69227e-02       1.78396e-04      
  6.72569e-02       1.56593e-04      
  6.75910e-02       1.35710e-04      
  6.79251e-02       1.15995e-04      
  6.82592e-02       9.76692e-05      
  6.85933e-02       8.09198e-05      
  6.89274e-02       6.59001e-05      
  6.92615e-02       5.27279e-05      
  6.95957e-02       4.14853e-05      
  6.99298e-02       3.22184e-05      
  7.02639e-02       2.49384e-05      
  7.05980e-02       1.96230e-05      
  7.09321e-02       1.62177e-05      
  7.12662e-02       1.46387e-05      
  7.16003e-02       1.47753e-05      
  7.19344e-02       1.64930e-05      
  7.22686e-02       1.96365e-05      
  7.26027e-02       2.40339e-05      
  7.29368e-02       2.94997e-05      
  7.32709e-02       3.58389e-05      
  7.36050e-02       4.28506e-05      
  7.39391e-02       5.03321e-05      
  7.42732e-02       5.80818e-05      
  7.46074e-02       6.59033e-05      
  7.49415e-02       7.36080e-05      
  7.52756e-02       8.10188e-05      
  7.56097e-02       8.79718e-05      
  7.59438e-02       9.43194e-05      
  7.62779e-02       9.99319e-05      
  7.66120e-02       1.04699e-04      
  7.69462e-02       1.08531e-04      
  7.72803e-02       1.11359e-04      
  7.76144e-02       1.13137e-04      
  7.79485e-02       1.13840e-04      
  7.82826e-02       1.13464e-04      
  7.86167e-02       1.12027e-04      
  7.89508e-02       1.09563e-04      
  7.92849e-02       1.06129e-04      
  7.96191e-02       1.01794e-04      
  7.99532e-02       9.66437e-05      
  8.02873e-02       9.07760e-05      
  8.06214e-02       8.42989e-05      
  8.09555e-02       7.73284e-05      
  8.12896e-02       6.99861e-05      
  8.16237e-02       6.23971e-05      
  8.19579e-02       5.46871e-05      
  8.22920e-02       4.69807e-05      
  8.26261e-02       3.93990e-05      
  8.29602e-02       3.20573e-05      
  8.32943e-02       2.50637e-05      
  8.36284e-02       1.85171e-05      
  8.39625e-02       1.25059e-05      
  8.42967e-02       7.10682e-06      
  8.46308e-02       2.38364e-06      
  8.49649e-02       -1.61324e-06     
  8.52990e-02       -4.84734e-06     
  8.56331e-02       -7.29635e-06     
  8.59672e-02       -8.95202e-06     
  8.63013e-02       -9.81993e-06     
  8.66355e-02       -9.91889e-06     
  8.69696e-02       -9.28024e-06     
  8.73037e-02       -7.94692e-06     
  8.76378e-02       -5.97233e-06     
  8.79719e-02       -3.41909e-06     
  8.83060e-02       -3.57675e-07     
  8.86401e-02       3.13510e-06      
  8.89742e-02       6.97759e-06      
  8.93084e-02       1.10849e-05      
  8.96425e-02       1.53704e-05      
  8.99766e-02       1.97475e-05      
  9.03107e-02       2.41309e-05      
  9.06448e-02       2.84381e-05      
  9.09789e-02       3.25911e-05      
  9.13130e-02       3.65170e-05      
  9.16472e-02       4.01496e-05      
  9.19813e-02       4.34303e-05      
  9.23154e-02       4.63087e-05      
  9.26495e-02       4.87432e-05      
  9.29836e-02       5.07019e-05      
  9.33177e-02       5.21622e-05      
  9.36518e-02       5.31114e-05      
  9.39860e-02       5.35466e-05      
  9.43201e-02       5.34742e-05      
  9.46542e-02       5.29094e-05      
  9.49883e-02       5.18763e-05      
  9.53224e-02       5.04064e-05      
  9.56565e-02       4.85384e-05      
  9.59906e-02       4.63169e-05      
  9.63247e-02       4.37918e-05      
  9.66589e-02       4.10169e-05      
  9.69930e-02       3.80489e-05      
  9.73271e-02       3.49465e-05      
  9.76612e-02       3.17690e-05      
  9.79953e-02       2.85755e-05      
  9.83294e-02       2.54235e-05      
  9.86635e-02       2.23681e-05      
  9.89977e-02       1.94613e-05      
  9.93318e-02       1.67504e-05      
  9.96659e-02       1.42783e-05      
  1.00000e-01       1.20819e-05      
